ParName   Value   Gradient
MGparm[3]      272.388 3.74885e-006
MGparm[4]     0.305427 -1.83914e-005
MGparm[5]     -1.06817 -2.39593e-005
MGparm[6]    0.0911525 -8.24218e-007
MGparm[7]    0.0654563 8.13458e-007
SR_parm[1]      6.59391 -9.40429e-005
SR_parm[2]     0.577104 -6.13759e-006
SR_parm[3]     0.666211  8.5603e-006
recdev1(1961)      1.43936 -1.9053e-005
recdev1(1962)    -0.344705 -9.34963e-007
recdev1(1963)     0.526159 -2.19841e-006
recdev1(1964)      -0.5088 -1.00643e-006
recdev1(1965)    -0.571481 -2.95079e-006
recdev1(1966)   -0.0762654 -8.57303e-006
recdev1(1967)    -0.323817 -5.23055e-006
recdev1(1968)     0.438543 -8.51882e-006
recdev1(1969)     0.302911 -7.17922e-006
recdev1(1970)    -0.378165 -4.91446e-006
recdev1(1971)    0.0329917 -4.22856e-006
recdev1(1972)      1.25188 -1.71391e-005
recdev1(1973)     0.494354 -9.12859e-006
recdev1(1974)      -0.3113 -4.38101e-007
recdev1(1975)    -0.557633 7.53044e-007
recdev1(1976)    -0.614913 1.09953e-006
recdev1(1977)    -0.903236 3.02343e-006
recdev1(1978)    -0.522296 3.13888e-006
recdev1(1979)    -0.454985 2.13747e-006
recdev1(1980)    -0.795203 2.67929e-006
recdev1(1981)     0.337441  1.5219e-006
recdev1(1982)   -0.0352368   1.857e-006
recdev1(1983)     -0.39335 2.34082e-006
recdev1(1984)    0.0980501 1.98147e-006
recdev1(1985)    -0.290817 2.13622e-006
recdev1(1986)     0.298531 -1.59889e-007
recdev1(1987)    -0.531555 1.75988e-006
recdev1(1988)   -0.0158932  2.6704e-007
recdev1(1989)     0.941343 -1.71956e-006
recdev1(1990)    -0.116875 1.90532e-006
recdev1(1991)     0.455104 9.11086e-008
recdev1(1992)        -1.04 2.97291e-006
recdev1(1993)     0.405122 1.89986e-006
recdev1(1994)      1.00994 1.68611e-006
recdev1(1995)    -0.553503 3.45045e-006
recdev1(1996)    -0.277653 2.59899e-006
recdev1(1997)    0.0946595 1.57236e-006
recdev1(1998)    -0.114355  1.8063e-006
recdev1(1999)     0.106592 3.74972e-007
recdev1(2000)     0.299144 -5.55553e-007
recdev1(2001)     0.224909 1.02358e-006
recdev1(2002)    -0.106566 2.97605e-006
recdev1(2003)      1.21444 4.21937e-006
recdev1(2004)     -1.08857 3.12867e-006
recdev1(2005)     0.781479 2.60184e-006
recdev1(2006)    -0.540166 3.09198e-006
recdev1(2007)    -0.106699 2.32823e-006
recdev1(2008)     0.870205 2.32473e-006
recdev1(2009)     0.262499 3.77983e-006
recdev1(2010)    -0.940606 3.03617e-006
recdev1(2011)     0.363717 3.25901e-006
recdev1(2012)    0.0203539 3.46137e-006
recdev1(2013)    -0.847873 3.27949e-006
recdev1(2014)    -0.122991  3.0344e-006
recdev1(2015)   0.00137817 3.45061e-006
recdev1(2016)    0.0398213 3.60369e-006
recdev1(2017)       1.1746 2.99535e-006
init_F[1]    0.0130678 6.81027e-006
init_F[2]   0.00232396 1.13693e-006
selparm[1]       223.73  8.4598e-007
selparm[2]     -11.6761 8.44122e-008
selparm[3]      7.09734 4.37514e-007
selparm[4]      5.73504 1.19714e-006
selparm[6]     -3.13531 2.28199e-007
selparm[7]      213.837 -9.84613e-007
selparm[8]     -11.6542 2.21151e-007
selparm[9]      8.02807 2.95775e-007
selparm[10]       7.1035 7.76225e-007
selparm[12]     -2.32659 2.90485e-006
selparm[13]      242.403 -5.1612e-005
selparm[14]     -12.2226 -3.58241e-007
selparm[15]      7.44733 -1.24296e-006
selparm[18]     0.511054  1.9087e-006
selparm[19]      232.912 1.85996e-006
selparm[20]     -11.8105 -9.64822e-008
selparm[21]      6.62342 -2.21567e-006
selparm[22]      6.22392 -4.56402e-007
selparm[24]     -3.51101 -6.16788e-007
selparm[25]      74.6352 -2.27106e-005
selparm[27]      4.76669 1.07432e-005
selparm[31]      212.129 -7.26418e-007
selparm[32]     -2.19991 -3.66751e-007
selparm[33]      6.85482 -7.37101e-007
selparm[36]     -3.80788 -3.89888e-007
selparm[37]      124.595 5.26478e-007
selparm[38]     -2.25968   3.492e-006
selparm[40]      7.40697 3.96139e-006
selparm[43]      273.039  4.3012e-008
selparm[44]     -11.9494 -8.36792e-008
selparm[45]      7.86508 -2.12478e-006
selparm[46]      4.47049  -5.266e-007
selparm[48]     -2.34251 -8.01541e-007
selparm[49]      192.118 1.51136e-006
selparm[50]     -1.26422 4.10844e-006
selparm[51]      5.72754 -1.10402e-007
selparm[52]      7.41799 1.07054e-006
selparm[54]     -2.94343 9.91882e-007
selparm[57]      111.979 1.68329e-006
selparm[58]     -1.91756 1.29959e-005
selparm[60]     -3.07898 9.34426e-008
selparm[63]      195.241  3.8245e-007
selparm[64]    -0.259194 -3.37049e-007
selparm[65]      6.67873 -6.73935e-007
selparm[68]     -1.59841 -1.54811e-006
selparm[71]      210.241 -7.56902e-006
selparm[72]     -3.24297 -8.6278e-007
selparm[73]      6.60339 4.25885e-006
selparm[74]      7.84776 -3.88951e-006
selparm[76]     -3.62936  1.9212e-007
selparm[79]      249.189 -3.58104e-007
selparm[80]     -11.1775 3.47347e-007
selparm[81]       7.3293 -4.99425e-007
selparm[82]      6.43713 -7.84327e-007
selparm[84]     -3.07144 4.26647e-008
selparm[85]      246.044 -1.09735e-006
selparm[86]      15.1838 6.85219e-008
selparm[99]      165.716 -8.4883e-006
selparm[102]     -3.36984 -2.57237e-006
selparm[104]      7.47911 -7.5296e-006
selparm[105]     -5.98121 -8.02187e-007
selparm[106]      84.3273 -2.52901e-006
selparm[107]     -1.27848 4.47307e-008
selparm[110]      299.551 -2.17098e-006
selparm[111]     -6.11377 3.12691e-008
selparm[113]      1.01618 4.71543e-009
parm_dev[1](2011)    -0.762735 6.39083e-006
parm_dev[1](2012)     0.367866 5.85001e-006
parm_dev[1](2013)     0.466348 4.44927e-006
parm_dev[1](2014)    0.0331053 2.20212e-006
parm_dev[1](2015)    0.0574397 5.59582e-006
