ParName   Value   Gradient
MGparm[3]       273.53 -1.86474e-007
MGparm[4]     0.295163 1.00648e-006
MGparm[5]    -0.987814 1.56499e-006
MGparm[6]    0.0938999 1.65433e-007
MGparm[7]    0.0638224 -3.4775e-008
SR_parm[1]      6.67247 6.62946e-006
SR_parm[2]     0.525872 7.14738e-008
SR_parm[3]     0.651938 -5.61312e-007
recdev1(1961)       1.3086 2.04213e-006
recdev1(1962)    -0.316455 8.90296e-007
recdev1(1963)      0.44025 5.91067e-007
recdev1(1964)    -0.510868 6.57787e-007
recdev1(1965)    -0.620226 -5.75743e-007
recdev1(1966)    -0.177028 4.13632e-007
recdev1(1967)    -0.378403 1.18003e-007
recdev1(1968)     0.307229 1.80442e-006
recdev1(1969)     0.292898 2.06792e-006
recdev1(1970)    -0.460552 -1.56552e-007
recdev1(1971)   -0.0721606 -5.73942e-007
recdev1(1972)      1.19975 1.97716e-007
recdev1(1973)      0.46959 2.79946e-007
recdev1(1974)    -0.342096 -2.9049e-008
recdev1(1975)    -0.604136 1.00171e-007
recdev1(1976)     -0.64504 -1.5574e-007
recdev1(1977)    -0.940947 -3.12923e-007
recdev1(1978)    -0.537905 -3.54133e-007
recdev1(1979)    -0.468734 -5.26035e-007
recdev1(1980)    -0.851201 -2.53716e-007
recdev1(1981)     0.309364 -1.72784e-007
recdev1(1982)   -0.0428427 -8.77091e-008
recdev1(1983)    -0.439641 -5.83204e-008
recdev1(1984)    0.0600748 -8.11482e-009
recdev1(1985)    -0.321218 1.04678e-007
recdev1(1986)     0.175757 5.13627e-007
recdev1(1987)    -0.555172 -6.41167e-009
recdev1(1988)    -0.172085 3.20223e-008
recdev1(1989)     0.900101 2.51544e-007
recdev1(1990)    -0.156157 1.23302e-007
recdev1(1991)     0.424885 1.74235e-007
recdev1(1992)    -0.962014 -9.28526e-008
recdev1(1993)     0.332711 8.74442e-008
recdev1(1994)      1.13337 2.76486e-008
recdev1(1995)    -0.412811 -2.30988e-007
recdev1(1996)    -0.221338 -3.18842e-007
recdev1(1997)     0.242851 -2.65774e-007
recdev1(1998)  0.000344989 -2.28265e-007
recdev1(1999)     0.267164 -3.55097e-007
recdev1(2000)     0.443729 -4.38172e-007
recdev1(2001)     0.401165 -3.78356e-007
recdev1(2002)   -0.0274353 -2.26394e-007
recdev1(2003)      1.38427 -8.67444e-007
recdev1(2004)    -0.964833 -1.69328e-007
recdev1(2005)     0.890189 -2.39412e-007
recdev1(2006)    -0.363543 -2.64637e-007
recdev1(2007)   -0.0361554 -8.98405e-008
recdev1(2008)     0.986107  6.4105e-008
recdev1(2009)     0.348522 -2.17525e-007
recdev1(2010)    -0.860618 -2.35776e-007
recdev1(2011)     0.310302 -1.11902e-007
recdev1(2012)     0.036278 -2.62086e-007
recdev1(2013)    -0.722631 -1.12473e-007
recdev1(2014)   -0.0913641 -2.70073e-007
recdev1(2015)     0.280452 -2.77101e-007
recdev1(2016)     0.487968 -7.7073e-008
recdev1(2017)    -0.158322 -1.72939e-007
init_F[1]    0.0120524 -5.40561e-007
init_F[2]   0.00223612 9.98655e-008
Q_parm[8]     -4.24356 -4.73195e-007
Q_parm[9]     -6.33475 1.01654e-006
Q_parm[10]     -6.78623 7.35752e-007
Q_parm[14]   -0.0909517 1.50053e-007
Q_parm[15]    -0.214532 -2.89655e-007
Q_parm[16]   -0.0348286 -7.81012e-007
selparm[1]      222.838 1.89456e-007
selparm[2]     -11.7297 5.73541e-008
selparm[3]      7.10721  4.1909e-007
selparm[4]      5.68938 4.51692e-007
selparm[6]     -3.04099 1.39979e-007
selparm[7]       213.61 -1.43998e-007
selparm[8]     -11.6193 9.83007e-009
selparm[9]      8.04373 1.18905e-007
selparm[10]      7.09326 -3.59411e-007
selparm[12]     -2.52234 -4.33781e-007
selparm[13]      242.413 3.52627e-005
selparm[14]     -12.1341 4.25122e-010
selparm[15]      7.43309 -1.57006e-008
selparm[18]     0.179901 2.77848e-007
selparm[19]      232.721 -2.24525e-007
selparm[20]     -11.8825 -1.15977e-007
selparm[21]      6.60172 1.56156e-007
selparm[22]      6.18724 -3.81326e-007
selparm[24]     -3.62331 -2.38297e-009
selparm[25]      74.2627 4.92008e-008
selparm[27]      4.72066 5.80235e-007
selparm[31]      212.867 -3.96029e-007
selparm[32]     -2.30294 -9.06311e-008
selparm[33]      6.86022 4.03579e-007
selparm[36]     -4.05886 -1.58876e-008
selparm[37]      124.805 -3.86438e-008
selparm[38]     -2.28817 -1.81791e-007
selparm[40]      7.41995 -4.16477e-007
selparm[43]      270.104  1.1955e-007
selparm[44]     -12.1053 -1.11642e-007
selparm[45]      7.83452 2.99932e-007
selparm[46]      4.89402 -6.43282e-008
selparm[48]     -2.53421 -2.94276e-007
selparm[49]      192.044 3.31093e-007
selparm[50]     -1.24775 6.92947e-007
selparm[51]      5.73637 1.28837e-007
selparm[52]      7.30363 4.43624e-007
selparm[54]     -2.96807 3.07019e-007
selparm[57]      112.649 -1.82051e-009
selparm[58]     -1.94013 -9.71901e-008
selparm[60]     -3.09416 6.41725e-009
selparm[63]      194.018 1.38114e-007
selparm[64]    -0.243419 1.16927e-007
selparm[65]      6.64819 2.17217e-007
selparm[68]     -1.74654 1.79809e-007
selparm[71]      209.806 -2.64858e-006
selparm[72]     -3.96456 -4.87843e-007
selparm[73]      6.58964 8.66203e-007
selparm[74]      7.80409 -1.48689e-006
selparm[76]     -3.70103 -4.49989e-007
selparm[79]      249.929 -9.01292e-007
selparm[80]     -11.5387 6.68552e-008
selparm[81]      7.32664 3.15118e-007
selparm[82]      6.32036 -2.75068e-007
selparm[84]     -2.94745 -1.02804e-007
selparm[85]      244.797 -2.40724e-007
selparm[86]      14.5981 2.68053e-008
selparm[99]      165.336 3.39703e-007
selparm[102]     -3.30805 -5.01171e-008
selparm[104]      7.47092  2.0839e-007
selparm[105]     -6.24442 4.63533e-009
selparm[106]      83.7363 1.49227e-007
selparm[107]     -1.16215 4.01104e-008
selparm[110]      296.165 -4.16527e-007
selparm[111]     -6.08657 -2.16893e-009
selparm[113]      1.67808 -1.7947e-010
parm_dev[1](2011)    -0.763083 -3.68368e-007
parm_dev[1](2012)     0.374913 2.54249e-007
parm_dev[1](2013)      0.46971 -5.33861e-007
parm_dev[1](2014)    0.0334478 8.37803e-007
parm_dev[1](2015)     0.053619 7.84563e-007
