ParName   Value   Gradient
MGparm[3]       273.38 1.79026e-005
MGparm[4]     0.293745 -0.000113989
MGparm[5]    -0.971667 -0.000142407
MGparm[6]    0.0962428 -4.91667e-006
MGparm[7]    0.0632935 1.06422e-006
SR_parm[1]      6.68095 -0.000546319
SR_parm[2]     0.502744 -5.7372e-006
SR_parm[3]     0.646641 4.22944e-005
recdev1(1961)      1.28522 -9.70229e-005
recdev1(1962)    -0.311269 -1.06745e-005
recdev1(1963)     0.416022 -3.93469e-005
recdev1(1964)    -0.491514 -1.02251e-005
recdev1(1965)    -0.628591 -1.20918e-005
recdev1(1966)    -0.194926 -3.12699e-005
recdev1(1967)    -0.395131 -1.9799e-005
recdev1(1968)     0.291184 -4.54476e-005
recdev1(1969)     0.305022 -4.02862e-005
recdev1(1970)    -0.477701 -7.83582e-006
recdev1(1971)    -0.105227 -1.49027e-005
recdev1(1972)      1.19477 -7.94415e-005
recdev1(1973)     0.488306 -2.84263e-005
recdev1(1974)    -0.329914 -3.80879e-006
recdev1(1975)     -0.59607 1.64727e-006
recdev1(1976)    -0.631392 2.99238e-006
recdev1(1977)    -0.932501 6.85342e-006
recdev1(1978)    -0.525467 4.42283e-006
recdev1(1979)    -0.443516 4.57232e-006
recdev1(1980)    -0.849351 9.01049e-006
recdev1(1981)     0.332814 -1.32883e-006
recdev1(1982)    0.0015206  4.5505e-006
recdev1(1983)    -0.421951 8.04139e-006
recdev1(1984)    0.0996242 4.08578e-006
recdev1(1985)    -0.289165 8.96877e-006
recdev1(1986)     0.191048 6.16654e-006
recdev1(1987)    -0.499982 1.11215e-005
recdev1(1988)    -0.192033 1.01888e-005
recdev1(1989)     0.950355 1.12162e-006
recdev1(1990)    -0.123835  1.1022e-005
recdev1(1991)     0.469523 8.43832e-006
recdev1(1992)     -0.89298 1.35753e-005
recdev1(1993)     0.345995 1.11857e-005
recdev1(1994)      1.18661 4.73632e-006
recdev1(1995)    -0.392614 1.35427e-005
recdev1(1996)    -0.209303 1.35225e-005
recdev1(1997)     0.314257 1.24607e-005
recdev1(1998)    0.0282397 1.32519e-005
recdev1(1999)     0.325219 1.22948e-005
recdev1(2000)     0.488715 1.14204e-005
recdev1(2001)     0.471439 1.17074e-005
recdev1(2002)   -0.0371429 1.33011e-005
recdev1(2003)      1.42304 8.08003e-006
recdev1(2004)    -0.939804 1.46001e-005
recdev1(2005)     0.928568 1.29801e-005
recdev1(2006)    -0.272373 1.48674e-005
recdev1(2007)   -0.0277284 1.48468e-005
recdev1(2008)     0.988133 1.45459e-005
recdev1(2009)     0.292124 1.54452e-005
recdev1(2010)    -0.857077 1.49986e-005
recdev1(2011)   -0.0807248 1.50445e-005
recdev1(2012)    -0.242563 1.49957e-005
recdev1(2013)    -0.572799 1.52202e-005
recdev1(2014)   -0.0349392 1.58589e-005
recdev1(2015)     0.331944 1.54725e-005
recdev1(2016)   -0.0395033 1.54783e-005
recdev1(2017)    -0.110605  1.5519e-005
init_F[1]    0.0118888 9.51302e-006
init_F[2]   0.00219737 3.59319e-006
Q_parm[8]     -4.22879 -7.85853e-006
Q_parm[9]     -6.34161 -7.11802e-006
Q_parm[10]     -6.79377 -6.15137e-006
Q_parm[14]   -0.0943784  4.8558e-006
Q_parm[15]    -0.221284 4.97386e-006
Q_parm[16]    -0.037759 5.81688e-006
selparm[1]      222.397 4.92597e-007
selparm[2]     -11.6714 3.52877e-008
selparm[3]      7.12064 1.49426e-007
selparm[4]      5.68902   5.917e-007
selparm[6]     -2.90989  1.4115e-007
selparm[7]      213.778 -3.0623e-006
selparm[8]     -11.5589 -3.67775e-008
selparm[9]       8.0643 1.15902e-006
selparm[10]      7.08146 -2.6232e-006
selparm[12]     -2.49408 -2.61454e-006
selparm[13]      242.408 -0.000206373
selparm[14]     -12.0807 -2.85861e-008
selparm[15]      7.42123  9.1356e-007
selparm[18]    0.0180013    1.03e-006
selparm[19]      232.594 -3.73701e-006
selparm[20]     -11.8853 -5.59378e-008
selparm[21]      6.60083 7.16696e-007
selparm[22]       6.1851 -3.03081e-006
selparm[24]     -3.59457 -2.06519e-006
selparm[25]      74.1643 -0.000125795
selparm[27]      4.70501 5.95114e-005
selparm[31]      211.649 -3.34592e-006
selparm[32]     -2.16737 -1.56499e-006
selparm[33]      6.83958 1.10725e-006
selparm[36]     -4.09574 -9.96988e-007
selparm[37]      124.728 -3.27083e-006
selparm[38]     -2.28535 -1.48771e-006
selparm[40]      7.42007 -3.22188e-006
selparm[43]      270.051 -2.63332e-007
selparm[44]     -12.0924 6.92335e-008
selparm[45]      7.84116 9.66084e-007
selparm[46]      4.90343 -3.15422e-007
selparm[48]     -2.49085 -4.79321e-007
selparm[49]       192.81 -7.53955e-007
selparm[50]     -1.23697 -1.07047e-007
selparm[51]      5.78715 9.43488e-007
selparm[52]       7.2457 5.86065e-008
selparm[54]      -2.8254 -1.47484e-007
selparm[57]      112.671 1.53156e-006
selparm[58]     -1.94079 1.25856e-005
selparm[60]     -3.09826 -4.24713e-008
selparm[63]      194.239 -2.06917e-006
selparm[64]     -0.24698 -5.93948e-006
selparm[65]      6.67264 1.40039e-006
selparm[68]     -1.74153 -3.09568e-006
selparm[71]      209.509  -7.215e-006
selparm[72]     -9.87662 -3.57763e-008
selparm[73]      6.58136  4.8861e-007
selparm[74]      7.85476 -6.06965e-006
selparm[76]     -3.81276 -9.59663e-007
selparm[79]      251.023 2.29447e-007
selparm[80]     -11.2937 1.68287e-008
selparm[81]      7.35768 -2.83937e-006
selparm[82]        6.313 -1.84814e-006
selparm[84]     -2.98276 -1.39171e-006
selparm[85]       244.85 -6.0987e-007
selparm[86]      14.7339 3.65284e-008
selparm[99]      165.228 -4.00303e-005
selparm[102]     -3.25956 -1.06871e-005
selparm[104]       7.4616 -3.41362e-005
selparm[105]     -6.23681 -2.56814e-006
selparm[106]      83.3146 -5.73495e-006
selparm[107]     -1.05912 -2.40941e-007
selparm[110]       296.51 3.13918e-006
selparm[111]     -6.05811 -8.38982e-009
selparm[113]      1.77671 -9.1875e-009
parm_dev[1](2011)    -0.760474 1.00002e-006
parm_dev[1](2012)     0.374266 1.99367e-006
parm_dev[1](2013)      0.47199 7.29001e-007
parm_dev[1](2014)    0.0365287 6.24809e-007
parm_dev[1](2015)    0.0538031  3.3328e-008
