ParName   Value   Gradient
MGparm[3]      271.471 -2.09089e-005
MGparm[4]     0.317245  0.000110285
MGparm[5]     -1.22385  0.000135958
MGparm[6]    0.0741975 4.01532e-006
MGparm[7]    0.0645207 -3.43008e-007
SR_parm[1]      6.72749  0.000563898
SR_parm[2]          0.5 1.40146e-007
SR_parm[3]     0.713478 -4.8511e-005
recdev1(1961)      1.29259 9.89047e-005
recdev1(1962)    -0.197238 1.04302e-005
recdev1(1963)     0.460636 3.87227e-005
recdev1(1964)    -0.814006 3.32436e-006
recdev1(1965)    -0.478442 1.90668e-005
recdev1(1966)    -0.124219  3.7639e-005
recdev1(1967)    -0.451472 1.72072e-005
recdev1(1968)     0.684157 7.51781e-005
recdev1(1969)    -0.403749 1.18276e-005
recdev1(1970)    -0.387681 9.95606e-006
recdev1(1971)     0.645987 4.72842e-005
recdev1(1972)      1.08011 7.02679e-005
recdev1(1973)     0.297392 2.09073e-005
recdev1(1974)    -0.304154 3.38163e-006
recdev1(1975)    -0.566033 -2.17568e-006
recdev1(1976)    -0.696696 -5.10314e-006
recdev1(1977)    -0.769971 -7.07967e-006
recdev1(1978)    -0.448254 -5.20667e-006
recdev1(1979)    -0.512192 -7.1459e-006
recdev1(1980)    -0.467928 -8.39204e-006
recdev1(1981)     0.377985 -8.52968e-007
recdev1(1982)    -0.191196 -8.46039e-006
recdev1(1983)    -0.190099 -8.71804e-006
recdev1(1984)     0.042392 -7.04533e-006
recdev1(1985)    -0.196181 -9.62359e-006
recdev1(1986)     0.216233 -6.86163e-006
recdev1(1987)    -0.740029 -1.28503e-005
recdev1(1988)     0.439433 -7.0558e-006
recdev1(1989)     0.754819 -5.04597e-006
recdev1(1990)  -0.00553273 -1.16059e-005
recdev1(1991)     0.382171 -1.02016e-005
recdev1(1992)     -1.14222 -1.47685e-005
recdev1(1993)     0.875669 -9.11747e-006
recdev1(1994)     0.897602 -9.66206e-006
recdev1(1995)    -0.544591 -1.4782e-005
recdev1(1996)     0.154968 -1.35771e-005
recdev1(1997)    0.0367175 -1.40544e-005
recdev1(1998)     0.252703 -1.35506e-005
recdev1(1999)     0.231096 -1.35514e-005
recdev1(2000)     0.658391 -1.22731e-005
recdev1(2001)    0.0372598 -1.44921e-005
recdev1(2002)      0.70334 -1.34226e-005
recdev1(2003)      1.20703 -1.21415e-005
recdev1(2004)    -0.837123 -1.55682e-005
recdev1(2005)     0.832682 -1.50042e-005
recdev1(2006)    -0.978599 -1.56523e-005
recdev1(2007)    0.0297476 -1.58725e-005
recdev1(2008)     0.248695 -1.61953e-005
recdev1(2009)    -0.328353 -1.60268e-005
recdev1(2010)    -0.710102 -1.59927e-005
recdev1(2011)     0.257581 -1.61094e-005
recdev1(2012)    -0.559463 -1.60356e-005
recdev1(2013)    -0.363503 -1.60221e-005
recdev1(2014)    0.0794316 -1.62617e-005
recdev1(2015)     0.232204 -1.60553e-005
init_F[1]    0.0118309 -9.0428e-006
init_F[2]    0.0021292 -4.55174e-006
Q_parm[7]     -4.83163  5.0064e-006
Q_parm[9]     -4.16132 5.05103e-006
Q_parm[10]     -6.27268 7.97224e-006
Q_parm[11]     -6.71529 6.82846e-006
Q_parm[14]     0.161988 -3.20391e-006
Q_parm[15]    -0.109652 -2.81497e-006
Q_parm[16]    -0.241806 -4.28367e-006
Q_parm[17]   -0.0780982 -5.0227e-006
selparm[1]       216.23 -8.68646e-008
selparm[2]     -11.3693 2.48444e-008
selparm[3]       7.2352 -3.59096e-007
selparm[4]      5.32574 -1.36684e-007
selparm[6]     -2.38886 1.91295e-007
selparm[7]      211.125 4.04006e-006
selparm[8]     -11.4712 -3.68891e-009
selparm[9]      8.04134 -2.67394e-006
selparm[10]      7.10855 2.77717e-006
selparm[12]     -2.33739   3.869e-006
selparm[13]      241.421 1.66511e-005
selparm[14]     -4.46893 2.57605e-006
selparm[15]      7.40848 -3.1029e-007
selparm[18]     -0.17509 1.45107e-006
selparm[19]      231.929 1.79405e-006
selparm[20]     -11.7276 -7.76473e-009
selparm[21]      6.64269 -5.03946e-007
selparm[22]      6.26377 2.03785e-006
selparm[24]     -3.40311 1.63293e-006
selparm[25]      74.9539  0.000130758
selparm[27]      4.87614 -6.80481e-005
selparm[31]      211.497  2.9839e-006
selparm[32]     -2.34551 2.11702e-006
selparm[33]      6.83348 -9.20815e-010
selparm[36]     -3.74661 1.35271e-006
selparm[37]      126.759 3.58471e-006
selparm[38]     -2.37825  1.1591e-006
selparm[40]       7.4097 3.96072e-006
selparm[43]      273.152 4.32655e-007
selparm[44]     -11.8692 -1.59521e-008
selparm[45]      7.93998 -4.26768e-007
selparm[46]      4.43885 5.85925e-008
selparm[48]     -2.20862 1.72416e-008
selparm[49]      191.989 2.14162e-006
selparm[50]     -1.24151   1.048e-006
selparm[51]       5.7857 -1.01614e-006
selparm[52]      7.24884 7.55196e-007
selparm[54]     -2.52148 4.22586e-007
selparm[57]      113.142 1.30431e-007
selparm[58]     -1.95627 -9.30395e-007
selparm[60]     -3.14071 6.07428e-009
selparm[63]      191.524 2.11998e-006
selparm[64]     -0.20515 5.70998e-006
selparm[65]      6.60071 -8.43014e-007
selparm[68]     -1.63649 2.72723e-006
selparm[71]      207.471 3.18955e-006
selparm[72]     -12.0011 1.29444e-008
selparm[73]      6.49303 -3.91488e-007
selparm[74]      7.69192 2.86584e-006
selparm[76]     -2.81829 1.24948e-006
selparm[79]      259.477 -6.75638e-007
selparm[80]     -11.1018 -8.34366e-009
selparm[81]      7.61399 1.72799e-006
selparm[82]      5.64538 5.32798e-007
selparm[84]     -2.56723 1.12286e-007
selparm[85]       246.68 1.80483e-007
selparm[86]      16.0605 2.07964e-009
selparm[99]      165.003   4.269e-005
selparm[102]     -3.43675 1.01409e-005
selparm[104]      7.45454 3.61387e-005
selparm[105]      -6.0428  3.5423e-006
selparm[106]      84.4737 5.72522e-006
selparm[107]     -1.28076 -3.17406e-007
selparm[110]      298.988 -5.77847e-006
selparm[111]       -6.071 -1.47955e-009
selparm[113]      1.29916 -1.28011e-009
parm_dev[1](2011)    -0.663384 7.92333e-007
parm_dev[1](2012)     0.383867 8.76834e-007
parm_dev[1](2013)     0.488538 8.81524e-007
parm_dev[1](2014)    0.0357657 -4.83983e-008
parm_dev[1](2015)    0.0315633 -1.8193e-007
