ParName   Value   Gradient
MGparm[3]      272.744 1.75106e-006
MGparm[4]     0.302624 -1.5352e-005
MGparm[5]     -1.04713 -1.92814e-005
MGparm[6]    0.0916808 -7.65044e-007
MGparm[7]     0.063986 1.68739e-007
SR_parm[1]       6.6907 -7.44749e-005
SR_parm[2]          0.5 -9.44366e-008
SR_parm[3]     0.667192 5.77463e-006
recdev1(1961)      1.27813 -1.44857e-005
recdev1(1962)    -0.314727 -1.56981e-006
recdev1(1963)      0.44629 -4.6299e-006
recdev1(1964)    -0.563915 -9.60803e-007
recdev1(1965)    -0.630597 -1.34761e-006
recdev1(1966)    -0.171885 -4.97891e-006
recdev1(1967)    -0.398478 -2.68651e-006
recdev1(1968)     0.364117 -7.55566e-006
recdev1(1969)     0.223494 -5.39645e-006
recdev1(1970)     -0.44735 -1.66722e-006
recdev1(1971)  -0.00615531 -2.85841e-006
recdev1(1972)      1.20517 -1.36206e-005
recdev1(1973)      0.44657 -3.53006e-006
recdev1(1974)    -0.323744 -1.12932e-006
recdev1(1975)    -0.580565 1.60688e-007
recdev1(1976)    -0.637293  4.5042e-007
recdev1(1977)    -0.912298 7.97583e-007
recdev1(1978)    -0.518173  4.2295e-007
recdev1(1979)    -0.450651 8.04577e-007
recdev1(1980)     -0.78946 1.20282e-006
recdev1(1981)     0.345346 3.18254e-007
recdev1(1982)   -0.0297519 1.25477e-006
recdev1(1983)    -0.379214 1.76419e-006
recdev1(1984)     0.101582 1.61212e-006
recdev1(1985)    -0.296033 1.17506e-006
recdev1(1986)     0.241459 8.79279e-007
recdev1(1987)    -0.571542 1.65136e-006
recdev1(1988)   -0.0532787 1.47185e-006
recdev1(1989)     0.934827 5.29336e-007
recdev1(1990)    -0.109532 1.51789e-006
recdev1(1991)     0.484555 1.29507e-006
recdev1(1992)    -0.965499 1.86491e-006
recdev1(1993)     0.468593 1.41351e-006
recdev1(1994)       1.1517 4.86822e-007
recdev1(1995)    -0.410086 1.94451e-006
recdev1(1996)    -0.120296 1.75328e-006
recdev1(1997)       0.2537 1.66966e-006
recdev1(1998)    0.0558968 1.78427e-006
recdev1(1999)     0.288865 1.75456e-006
recdev1(2000)     0.504944 1.51652e-006
recdev1(2001)     0.420361 1.85695e-006
recdev1(2002)    0.0890917 2.13147e-006
recdev1(2003)      1.42149 1.95021e-006
recdev1(2004)    -0.927126  2.1514e-006
recdev1(2005)     0.939875 2.23777e-006
recdev1(2006)    -0.482657 2.16596e-006
recdev1(2007)    0.0654315 2.01226e-006
recdev1(2008)     0.875456 2.51917e-006
recdev1(2009)    -0.356848 2.17756e-006
recdev1(2010)    -0.968759 2.17711e-006
recdev1(2011)   -0.0866533 2.34892e-006
recdev1(2012)    -0.191879 2.13118e-006
recdev1(2013)    -0.429671 2.25869e-006
recdev1(2014)     0.490129  2.0285e-006
recdev1(2015)    -0.195483 2.20954e-006
recdev1(2016)     0.126962 2.17629e-006
recdev1(2017)    0.0955615 2.20949e-006
init_F[1]    0.0118372 1.91285e-006
init_F[2]   0.00217736 9.60658e-007
Q_parm[7]     -4.92184 -6.05815e-007
Q_parm[9]     -4.20043 -5.64664e-007
Q_parm[10]     -6.33135 -1.61174e-006
Q_parm[11]     -6.77566 -1.12985e-006
Q_parm[14]    0.0504033  4.1899e-007
Q_parm[15]    -0.103166 4.30057e-007
Q_parm[16]    -0.229568 5.22719e-007
Q_parm[17]   -0.0434062 7.46979e-007
selparm[1]      220.344 9.53105e-008
selparm[2]     -11.6052 3.41857e-009
selparm[3]      7.13509 3.58934e-007
selparm[4]      5.73881 6.54315e-007
selparm[6]     -2.82195 -3.28523e-011
selparm[7]      212.909 -8.25951e-007
selparm[8]     -11.5714 3.14473e-009
selparm[9]      8.05795 4.49654e-007
selparm[10]      7.08304 -5.44668e-007
selparm[12]     -2.44862 -6.08557e-007
selparm[13]      242.406 -2.66407e-005
selparm[14]     -11.9021 -1.97271e-009
selparm[15]      7.43434 -4.21385e-007
selparm[18]   -0.0986603 4.86856e-007
selparm[19]      232.124 -4.21907e-008
selparm[20]     -11.8293 -6.49224e-009
selparm[21]      6.60795 -1.20225e-007
selparm[22]      6.22162 -1.23031e-007
selparm[24]     -3.55878 -3.37268e-007
selparm[25]      74.3965 -1.76995e-005
selparm[27]      4.74589  8.6232e-006
selparm[31]      211.571 -1.52784e-007
selparm[32]     -2.25171 -2.73812e-007
selparm[33]      6.82007 -2.40462e-007
selparm[36]     -3.96793 -1.11849e-007
selparm[37]      125.075 -2.90326e-007
selparm[38]      -2.2977 4.00505e-007
selparm[40]      7.41648 2.11304e-007
selparm[43]      270.477 8.78534e-008
selparm[44]     -12.0527 6.41824e-009
selparm[45]      7.86319 -1.48433e-007
selparm[46]      4.86842 -2.0127e-007
selparm[48]     -2.45705 2.59097e-008
selparm[49]      192.556 -6.36717e-008
selparm[50]     -1.27148 -8.57162e-007
selparm[51]      5.78869 -1.31874e-007
selparm[52]       7.2792 -5.57633e-007
selparm[54]     -2.78877 -7.6684e-007
selparm[57]      113.368 7.49795e-008
selparm[58]     -1.96461 1.22379e-006
selparm[60]     -3.12453 1.47111e-009
selparm[63]      193.317 -1.49938e-007
selparm[64]    -0.232874 6.22624e-007
selparm[65]      6.65214 2.63206e-007
selparm[68]     -1.71957 -1.56836e-007
selparm[71]      208.754 -1.42765e-007
selparm[72]     -11.2789 -1.9134e-009
selparm[73]      6.55611 -3.43556e-007
selparm[74]      7.81556 -5.3785e-008
selparm[76]     -3.49437 -1.18277e-008
selparm[79]      254.734 -2.76838e-007
selparm[80]     -11.2861  2.7587e-009
selparm[81]      7.46414 -3.39603e-007
selparm[82]      6.05275 -1.97201e-007
selparm[84]     -2.92778 -1.31953e-007
selparm[85]       245.36  1.7848e-007
selparm[86]      15.1522 -1.53893e-008
selparm[99]      165.307 -5.18124e-006
selparm[102]     -3.28382 -1.6851e-006
selparm[104]      7.44497 -4.1231e-006
selparm[105]      -6.1906 -6.68756e-007
selparm[106]       83.815 -7.63791e-007
selparm[107]     -1.16333 -8.22098e-008
selparm[110]      297.009 1.30898e-006
selparm[111]     -6.03875 3.74767e-009
selparm[113]      1.76899 -4.26546e-009
parm_dev[1](2011)    -0.732661 9.77691e-007
parm_dev[1](2012)     0.374134 5.67294e-007
parm_dev[1](2013)     0.475425 -1.16357e-006
parm_dev[1](2014)    0.0350453 6.42754e-007
parm_dev[1](2015)    0.0485632 4.95036e-007
