ParName   Value   Gradient
MGparm[3]      272.157 -1.59549e-006
MGparm[4]     0.301748 9.35763e-006
MGparm[5]     -1.05173 1.18657e-005
MGparm[6]    0.0884314 2.01537e-007
MGparm[7]    0.0641814   3.178e-007
SR_parm[1]      6.70341 4.73891e-005
SR_parm[2]          0.5 2.65605e-010
SR_parm[3]     0.714575 -4.05189e-006
recdev1(1961)      1.29878  8.7469e-006
recdev1(1962)    -0.292321 7.82699e-007
recdev1(1963)      0.48382 3.88321e-006
recdev1(1964)     -0.61231 3.65017e-007
recdev1(1965)    -0.597801  1.1311e-006
recdev1(1966)    -0.153538 3.30998e-006
recdev1(1967)    -0.427442  1.6622e-006
recdev1(1968)     0.454719 4.66852e-006
recdev1(1969)     0.169743 2.05005e-006
recdev1(1970)    -0.424233 9.84361e-007
recdev1(1971)     0.145229 2.13484e-007
recdev1(1972)      1.22048  7.6802e-006
recdev1(1973)      0.42043 1.43391e-006
recdev1(1974)    -0.301348 3.72466e-008
recdev1(1975)    -0.575543 -4.46874e-007
recdev1(1976)    -0.622441 -1.48104e-007
recdev1(1977)    -0.873931 -5.72332e-007
recdev1(1978)    -0.472928 -3.32376e-007
recdev1(1979)    -0.436829 -5.03733e-007
recdev1(1980)    -0.723118 -6.95636e-007
recdev1(1981)     0.382148  4.6629e-007
recdev1(1982)   -0.0510024 -3.58475e-007
recdev1(1983)    -0.325457 -9.99956e-008
recdev1(1984)     0.110109 -5.39766e-007
recdev1(1985)    -0.268629 -9.91905e-007
recdev1(1986)     0.245553 -8.81132e-007
recdev1(1987)    -0.612814 -1.21348e-006
recdev1(1988)    0.0785059 -8.68609e-007
recdev1(1989)     0.917356   1.813e-007
recdev1(1990)    -0.116265 -9.70795e-007
recdev1(1991)      0.46071 -5.40378e-007
recdev1(1992)     -1.04754 -8.72708e-007
recdev1(1993)     0.555662 -1.24127e-006
recdev1(1994)      1.12658 -7.02691e-007
recdev1(1995)     -0.43457 -9.56812e-007
recdev1(1996)   -0.0489298 -7.81262e-007
recdev1(1997)     0.233673 -1.06222e-006
recdev1(1998)     0.127906 -9.75756e-007
recdev1(1999)     0.305558 -7.24664e-007
recdev1(2000)     0.576692 -1.27517e-006
recdev1(2001)     0.347348 -1.17018e-006
recdev1(2002)     0.247112 -1.19241e-006
recdev1(2003)       1.4099 -1.01861e-006
recdev1(2004)     -0.96849 -1.36046e-006
recdev1(2005)     0.921993 -1.2209e-006
recdev1(2006)    -0.616516 -1.39066e-006
recdev1(2007)     0.110359 -1.47199e-006
recdev1(2008)     0.689857 -1.3526e-006
recdev1(2009)    -0.426713 -1.43853e-006
recdev1(2010)     -0.87093 -1.24506e-006
recdev1(2011)    0.0485996 -1.33097e-006
recdev1(2012)    -0.169275 -1.42575e-006
recdev1(2013)    -0.711451 -1.25095e-006
recdev1(2014)     -0.19924 -1.39022e-006
recdev1(2015)     0.081174 -1.44857e-006
recdev1(2016)     0.211604 -1.27423e-006
init_F[1]    0.0116732 -9.87688e-007
init_F[2]   0.00213074 -8.04953e-007
Q_parm[8]     -4.22865 6.58087e-007
Q_parm[9]     -6.33543 3.96379e-007
Q_parm[10]     -6.77201 7.22107e-007
Q_parm[14]    -0.105985 -3.7081e-007
Q_parm[15]    -0.228915 -2.44697e-007
Q_parm[16]   -0.0574794      -4e-007
selparm[1]      217.474 1.32904e-007
selparm[2]      -11.538  6.2408e-009
selparm[3]      7.14734 -3.41406e-007
selparm[4]      5.54179 -1.83888e-007
selparm[6]     -2.59431 -2.97903e-008
selparm[7]      212.075 4.72596e-007
selparm[8]     -11.5709 -2.3097e-008
selparm[9]      8.05568 -5.83855e-007
selparm[10]      7.09246 3.41555e-007
selparm[12]     -2.36065 2.80478e-007
selparm[13]      242.405 -4.58065e-005
selparm[14]     -11.6811  4.0386e-009
selparm[15]      7.42633 -2.11451e-007
selparm[18]    -0.147551 7.87804e-007
selparm[19]      232.138 -2.87361e-007
selparm[20]     -11.7744 -8.77049e-010
selparm[21]      6.62821 3.61508e-008
selparm[22]      6.24167 1.01962e-008
selparm[24]     -3.46779 3.22792e-007
selparm[25]      74.2546 1.02929e-005
selparm[27]      4.75194 -4.60811e-006
selparm[31]      212.597 3.64016e-007
selparm[32]     -2.37966 -5.04095e-008
selparm[33]       6.8641 -2.07778e-008
selparm[36]     -3.85969 2.16364e-008
selparm[37]      125.161  2.3385e-007
selparm[38]     -2.29921 -1.75949e-008
selparm[40]      7.41738 -3.75479e-008
selparm[43]      272.628 -1.69561e-007
selparm[44]     -11.8478 1.45983e-008
selparm[45]      7.91985 2.80168e-007
selparm[46]      4.51882 2.65265e-008
selparm[48]     -2.29644 7.51362e-008
selparm[49]      192.185 2.64075e-007
selparm[50]      -1.2415 -5.7931e-007
selparm[51]      5.78031 -1.11541e-007
selparm[52]      7.26179 -9.83965e-008
selparm[54]     -2.65045 -1.94429e-007
selparm[57]      113.327 -4.2305e-008
selparm[58]     -1.96298 -1.16475e-007
selparm[60]     -3.13234 6.29427e-010
selparm[63]      192.311 4.03174e-007
selparm[64]    -0.216755  5.0517e-007
selparm[65]      6.62222 -1.13368e-007
selparm[68]     -1.66296 6.86651e-007
selparm[71]      207.868 1.57163e-007
selparm[72]     -11.7134 1.78305e-009
selparm[73]      6.51656 3.69134e-007
selparm[74]      7.76068 5.19578e-007
selparm[76]     -3.07677 5.44592e-007
selparm[79]      256.474  -1.855e-007
selparm[80]     -11.1756 1.18006e-008
selparm[81]      7.51818  5.9726e-008
selparm[82]      5.90131 -9.2486e-008
selparm[84]     -2.68563 -7.83667e-008
selparm[85]      246.079 3.43657e-007
selparm[86]      15.6053 -2.75425e-008
selparm[99]      165.087 5.27464e-006
selparm[102]     -3.32121 1.94756e-006
selparm[104]      7.44334 3.99646e-006
selparm[105]     -6.08192 5.75479e-007
selparm[106]      83.7911 4.89249e-007
selparm[107]     -1.16293 6.77479e-008
selparm[110]      297.958 -6.74788e-007
selparm[111]     -6.03328 -6.64943e-009
selparm[113]      1.59558 -7.92948e-010
parm_dev[1](2011)    -0.691296 5.34337e-007
parm_dev[1](2012)     0.383101   8.439e-007
parm_dev[1](2013)     0.484261 5.46473e-007
parm_dev[1](2014)    0.0369299 1.10776e-006
parm_dev[1](2015)    0.0428207 -6.34538e-007
