ParName   Value   Gradient
MGparm[3]      272.077 2.83179e-006
MGparm[4]     0.302955 -2.02049e-005
MGparm[5]     -1.06118 -2.50524e-005
MGparm[6]    0.0881974 -7.52315e-007
MGparm[7]    0.0643223 4.52357e-007
SR_parm[1]      6.70033 -9.65547e-005
SR_parm[2]          0.5 -2.16014e-008
SR_parm[3]     0.709389  8.0335e-006
recdev1(1961)      1.29928 -1.90658e-005
recdev1(1962)    -0.292506 -1.6866e-006
recdev1(1963)     0.482439 -7.79435e-006
recdev1(1964)    -0.615525 -1.39759e-006
recdev1(1965)    -0.597608 -2.16265e-006
recdev1(1966)    -0.152389 -5.45467e-006
recdev1(1967)    -0.426923  -3.135e-006
recdev1(1968)     0.462395 -8.23546e-006
recdev1(1969)     0.158088 -4.4518e-006
recdev1(1970)    -0.422395 2.67131e-007
recdev1(1971)     0.147631 -3.73681e-006
recdev1(1972)      1.21955 -1.04305e-005
recdev1(1973)     0.418013 -2.89238e-006
recdev1(1974)    -0.300817 9.96914e-008
recdev1(1975)    -0.573194 5.40994e-007
recdev1(1976)    -0.624622 6.52462e-007
recdev1(1977)    -0.872632 1.32784e-006
recdev1(1978)    -0.475923 2.40147e-007
recdev1(1979)    -0.438705 1.89056e-007
recdev1(1980)    -0.718325 1.04394e-006
recdev1(1981)     0.382164 -1.36778e-006
recdev1(1982)   -0.0522658 2.91601e-007
recdev1(1983)    -0.322901 7.24102e-007
recdev1(1984)     0.110646 7.12651e-007
recdev1(1985)    -0.269877 1.24569e-006
recdev1(1986)      0.25007 8.66838e-007
recdev1(1987)    -0.616565 2.00131e-006
recdev1(1988)    0.0844328 1.45667e-006
recdev1(1989)     0.919842 7.95819e-007
recdev1(1990)    -0.107429 2.08741e-006
recdev1(1991)     0.475101  1.6089e-006
recdev1(1992)     -1.03542 2.20854e-006
recdev1(1993)     0.588498 1.74237e-006
recdev1(1994)      1.12176 4.56583e-007
recdev1(1995)    -0.464483 2.12056e-006
recdev1(1996)   -0.0509606 2.06342e-006
recdev1(1997)     0.219553 2.01062e-006
recdev1(1998)      0.11084 2.07775e-006
recdev1(1999)     0.287372 2.00968e-006
recdev1(2000)     0.567979 2.57117e-006
recdev1(2001)     0.350978  2.5369e-006
recdev1(2002)     0.250065  2.2565e-006
recdev1(2003)      1.40362 1.40939e-006
recdev1(2004)      -0.9661 2.33696e-006
recdev1(2005)     0.929827 2.70447e-006
recdev1(2006)    -0.600666 2.53841e-006
recdev1(2007)     0.134494 2.33292e-006
recdev1(2008)     0.679957 2.38993e-006
recdev1(2009)    -0.446631 2.62568e-006
recdev1(2010)    -0.868378 2.61503e-006
recdev1(2011)     0.055492 2.65845e-006
recdev1(2012)    -0.165655 2.66143e-006
recdev1(2013)    -0.706905 2.73433e-006
recdev1(2014)    -0.198955 2.66098e-006
recdev1(2015)    0.0740743 2.68586e-006
recdev1(2016)     0.200592 2.70436e-006
init_F[1]    0.0117212 4.78335e-007
init_F[2]   0.00213205 7.42325e-007
Q_parm[7]     -4.96814 -1.08872e-006
Q_parm[9]     -4.21844 -1.71122e-006
Q_parm[10]     -6.31678 -1.32681e-006
Q_parm[11]       -6.753 -1.09072e-006
Q_parm[14]    0.0692436 5.38042e-007
Q_parm[15]    -0.107244 8.86841e-007
Q_parm[16]    -0.229265 5.26104e-007
Q_parm[17]   -0.0571839 1.14631e-006
selparm[1]      217.548 -2.3111e-007
selparm[2]     -11.5493 -7.15699e-010
selparm[3]      7.14594 -1.09978e-006
selparm[4]      5.53687 -7.87271e-007
selparm[6]     -2.58524 -4.21436e-007
selparm[7]      212.091 -7.85973e-007
selparm[8]     -11.5735 -2.39338e-009
selparm[9]      8.05499 3.98125e-007
selparm[10]      7.09164 -6.97877e-007
selparm[12]     -2.35152 -1.02734e-006
selparm[13]      242.405 -4.34675e-005
selparm[14]     -11.6789 -2.81096e-008
selparm[15]      7.42615 4.57201e-007
selparm[18]    -0.142123 -7.50129e-007
selparm[19]      232.102 -5.68473e-007
selparm[20]     -11.7674 -2.5544e-008
selparm[21]       6.6292 6.91695e-008
selparm[22]      6.24613 -4.16271e-007
selparm[24]     -3.46488 -1.4562e-007
selparm[25]      74.2991 -2.04138e-005
selparm[27]       4.7563 9.77321e-006
selparm[31]      211.438 -6.18522e-007
selparm[32]     -2.27761 -4.85949e-007
selparm[33]      6.82775 6.85288e-008
selparm[36]     -3.84057 -2.65189e-007
selparm[37]      125.208 -7.55222e-007
selparm[38]     -2.30104 -7.82353e-007
selparm[40]      7.41596 -1.57396e-006
selparm[43]      272.676 -3.64026e-008
selparm[44]      -11.852 1.81231e-009
selparm[45]      7.91893 2.69484e-007
selparm[46]      4.51389 1.75241e-008
selparm[48]     -2.29464 1.86657e-007
selparm[49]      192.202 -4.4538e-008
selparm[50]     -1.24268 2.91922e-007
selparm[51]      5.78091 4.74846e-008
selparm[52]      7.26686 9.83648e-008
selparm[54]     -2.64931 -9.73768e-008
selparm[57]      113.349 -1.0986e-006
selparm[58]     -1.96372 -7.55163e-006
selparm[60]     -3.13343 2.97772e-008
selparm[63]      192.692 -7.41068e-007
selparm[64]    -0.222391 -2.31089e-006
selparm[65]      6.63912 3.50382e-007
selparm[68]     -1.65918 -3.75722e-007
selparm[71]      207.882 -1.63597e-006
selparm[72]     -11.7143  7.3924e-010
selparm[73]      6.51679 5.95496e-007
selparm[74]      7.76307 -1.35803e-006
selparm[76]     -3.06842 -1.1507e-006
selparm[79]      256.525 -1.03594e-006
selparm[80]     -11.1662  -1.406e-009
selparm[81]      7.51566 -3.95642e-007
selparm[82]      5.89811  -7.256e-007
selparm[84]     -2.68855 -6.02331e-007
selparm[85]      246.145 2.25337e-008
selparm[86]      15.6446 2.36865e-009
selparm[99]      165.137 -9.13763e-006
selparm[102]     -3.32413 -2.7154e-006
selparm[104]      7.44135 -8.11784e-006
selparm[105]     -6.07069 -8.17855e-007
selparm[106]       83.821 -7.13458e-007
selparm[107]     -1.23067 1.71348e-006
selparm[110]      298.126 4.60091e-007
selparm[111]       -6.038 5.73562e-009
selparm[113]      1.55164 4.14413e-009
parm_dev[1](2011)    -0.690613 -4.44083e-006
parm_dev[1](2012)     0.382724 -4.77425e-006
parm_dev[1](2013)     0.485031 -4.37663e-006
parm_dev[1](2014)    0.0372441 -4.00336e-006
parm_dev[1](2015)    0.0431477 -2.23862e-006
